26	H2	266	0.036
27	H3	264.85	0.036
28	H4	263.2	0.036
29	H5	261.61	0.036
30	H6	259.31	0.036
31	CJ120	257.71	0.036
32	CJ119	257.54	0.036
33	CJ118	256.99	0.036
34	CJ117	256.49	0.036
35	CJ116	255.97	0.036
36	CJ115	255.51	0.036
37	CJ114	254.93	0.036
38	CJ113	254.5	0.036
39	CJ112	253.92	0.036
40	CJ111	253.44	0.036
41	CJ110	252.86	0.036
42	CJ109	252.44	0.036
43	CJ108	251.93	0.036
44	CJ107	251.47	0.036
45	CJ106	250.97	0.036
46	CJ105	250.44	0.036
47	CJ104	249.8	0.036
48	CJ103	249.37	0.036
49	CJ102	248.93	0.036
50	CJ101	248.33	0.036
51	CJ100	247.96	0.036
52	CJ99	247.41	0.036
53	CJ98	246.97	0.036
54	CJ97	246.19	0.036
55	CJ96	245.7	0.036
56	CJ95	245.22	0.036
57	CJ94	244.65	0.036
58	CJY93	244.25	0.036
59	CJ92	243.77	0.036
60	CJ91	243.27	0.036
61	CJY90	242.82	0.036
62	CJ89	242.26	0.036
63	CJ88	241.84	0.036
64	CJ87	241.14	0.036
65	CJ86	240.76	0.036
66	CJ85	240.34	0.036
67	CJ84	239.79	0.036
68	CJ83	239.38	0.036
69	CJ82	238.84	0.036
70	CJ81	238.3	0.036
71	CJ80	237.86	0.036
72	CJ79	237.35	0.036
73	CJ78	236.9	0.036
74	CJ77	236.36	0.036
75	CJ76	236.01	0.036
76	CJ75	235.37	0.036
77	CJ74	234.74	0.036
78	CJ73	234.25	0.036
79	CJ72	233.73	0.036
80	CJ71	233.29	0.036
81	CJ70	232.7	0.036
82	CJ69	232.25	0.036
83	CJ68	231.71	0.036
84	CJ67	231.19	0.036
85	CJ66	230.47	0.036
86	CJ65	229.96	0.036
87	CJ64	229.54	0.036
88	CJ63	229.07	0.036
89	CJ62	228.64	0.036
90	CJ61	228.05	0.036
91	CJ60	227.39	0.036
92	CJ59	226.81	0.036
93	CJ58	226.38	0.036
94	CJ57	225.68	0.036
95	CJ56	225.1	0.036
96	CJ55	224.57	0.036
97	CJ54	224.03	0.036
98	CJ53	223.44	0.036
99	CJ52	222.79	0.036
100	CJ51	222.29	0.036
101	CJ50	221.93	0.036
102	CJ49	221.33	0.036
103	CJ48	220.75	0.036
104	CJ47	220.17	0.036
105	CJ46	219.53	0.036
106	CJ45	218.91	0.036
107	CJ44	218.37	0.036
108	CJ43	217.86	0.036
109	CJ42	217.54	0.036
110	CJ41	216.92	0.036
111	CJ40	216.4	0.036
112	CJ39	215.82	0.036
113	CJ38	215.35	0.036
114	CJ37	214.79	0.036
115	CJ36	214.32	0.036
116	CJ35	213.7	0.036
117	CJ34	213.06	0.036
118	CJ33	212.37	0.036
119	CJ32	211.8	0.036
120	CJ31	211.26	0.036
121	CJ30	210.8	0.036
122	CJ29	210.35	0.036
123	CJ28	209.84	0.036
124	CJ27	209.36	0.036
125	CJ26	208.96	0.036
126	CJ25	208.41	0.036
127	CJ24	207.95	0.036
128	CJ23	207.38	0.036
129	CJ22	206.9	0.036
130	CJ21	206.25	0.036
131	CJ20	205.64	0.036
132	CJ19	205.02	0.036
133	CJ18	204.55	0.036
134	CJ17	203.9	0.036
135	CJ16	203.39	0.036
136	CJ15	202.91	0.036
137	CJ14	202.37	0.036
138	CJ13	201.91	0.036
139	CJ12	201.56	0.036
140	CJ11	201.24	0.036
141	CJ10	200.75	0.036
142	CJ09	200.32	0.036
143	CJ08	199.94	0.036
144	CJ07	199.45	0.036
145	CJ06	199.05	0.036
146	CJ05	198.53	0.036
147	CJ04	197.96	0.036
148	CJ03	197.59	0.036
149	CJ02	197.24	0.036
150	CJ01	196.85	0.036
151	S400	196.25	0.035
152	S399	195.77	0.035
153	S398	195.29	0.035
154	S397	194.81	0.035
155	S396	194.33	0.035
156	S395	193.85	0.035
157	S394	193.37	0.035
158	S393	192.89	0.035
159	S392	192.41	0.035
160	S391	191.93	0.035
161	S390	191.45	0.035
162	S389	190.97	0.035
163	S388	190.49	0.035
164	S387	190.01	0.035
165	S386	189.53	0.035
166	S385	189.05	0.035
167	S384	188.57	0.035
168	S383	188.09	0.035
169	S382	187.61	0.035
170	S381	187.13	0.035
171	S380	186.65	0.035
172	S379	186.17	0.035
173	S378	185.69	0.035
174	S377	185.21	0.035
175	S376	184.73	0.035
176	S375	184.25	0.035
177	S374	183.77	0.035
178	S373	183.29	0.035
179	S372	182.81	0.035
180	S371	182.33	0.035
181	S370	181.85	0.035
182	S369	181.37	0.035
183	S368	180.89	0.035
184	S367	180.41	0.035
185	S366	179.93	0.035
186	S365	179.45	0.035
187	S364	178.97	0.035
188	S363	178.49	0.035
189	S362	178.01	0.035
190	S361	177.53	0.035
191	S360	177.05	0.035
192	S359	176.57	0.035
193	S358	176.09	0.035
194	S357	175.61	0.035
195	S356	175.13	0.035
196	S355	174.65	0.035
197	S354	174.17	0.035
198	S353	173.69	0.035
199	S352	173.21	0.035
200	S351	172.73	0.035
201	S350	172.25	0.05
202	S349	171.77	0.05
203	S348	171.29	0.05
204	S347	170.81	0.05
205	S346	170.33	0.05
206	S345	169.85	0.05
207	S344	169.37	0.05
208	S343+1	168.89	0.05
209	S341.2	168.41	0.05
210	S341.1	167.93	0.05
211	S340.2	167.45	0.05
212	S340.1	166.97	0.05
213	S339.1	166.49	0.05
214	S338.1	166.01	0.05
215	S337.2	165.53	0.05
216	S337.1	165.05	0.05
217	S336.1	164.57	0.05
218	S335.1	164.09	0.05
219	S334.1	163.61	0.05
220	S333.1	163.13	0.05
221	S332.1	162.65	0.05
222	S331.1	162.17	0.05
223	S329.1	161.69	0.05
224	S328.1	161.21	0.05
225	S327.1	160.73	0.05
226	S327	160.25	0.05
227	S326.1	160.04	0.05
228	S325.1	159.83	0.05
229	S323.1	159.62	0.05
230	S323	159.41	0.05
231	S322	159.2	0.05
232	S321	158.99	0.05
233	S320	158.78	0.05
234	S319	158.57	0.05
235	S318	158.36	0.05
236	S317	158.15	0.05
237	S316	157.94	0.05
238	S315	157.73	0.05
239	S314	157.52	0.05
240	S313	157.31	0.05
241	S311+1	157.1	0.05
242	S307	156.89	0.05
243	S306	156.68	0.05
244	S305	156.47	0.05
245	S304	156.26	0.05
246	S303	156.05	0.05
247	S302	155.84	0.05
248	S301	155.63	0.05
249	S300	155.42	0.05
250	S299	155.21	0.05
251	S298	155	0.05
252	S297	154.79	0.05
253	S296+2	154.58	0.05
254	S296+1	154.37	0.05
255	S295	154.16	0.05
256	S294	153.95	0.05
257	S293	153.74	0.05
258	S292	153.53	0.05
259	S290+1	153.32	0.04
260	S290	153.11	0.04
261	S289	152.9	0.04
262	S287+2	152.69	0.04
263	S287+1	152.48	0.04
264	S286	152.27	0.04
265	S285	152.06	0.04
266	S284+1	151.85	0.04
267	S283+1	151.64	0.04
268	S282+1	151.43	0.04
269	S282	151.22	0.04
270	S281	151.01	0.04
271	S280	150.8	0.04
272	S278+1	150.59	0.04
273	S277+1	150.38	0.04
274	S277	150.17	0.04
275	S275+1	149.96	0.04
276	S274+2	149.75	0.04
277	S274+1	149.54	0.04
278	S273	149.33	0.04
279	S272+A	149.12	0.04
280	S272	148.91	0.04
281	S271	148.7	0.04
282	S270	148.49	0.04
283	S269	148.28	0.04
284	S267	148.07	0.04
285	S266	147.86	0.04
286	S265	147.65	0.04
287	S264	147.44	0.04
288	S263	147.23	0.04
289	S262+A	147.02	0.04
290	S262	147.01	0.04
291	S261	147	0.04
292	S260	146.99	0.04
293	S257	146.98	0.04
294	S256	146.97	0.04
295	S255	146.96	0.04
296	S254	146.95	0.04
297	S253+A	146.94	0.04
298	S253	146.93	0.04
299	S252+4	146.92	0.04
300	S252+3	146.91	0.04
301	S252+2	146.9	0.04
302	S252+A	146.89	0.04
303	S252+1	146.88	0.04
304	S252	146.87	0.04
305	S251	146.86	0.04
306	S250	146.85	0.04
307	S249	146.84	0.04
308	S248+1	146.83	0.04
309	S248	146.82	0.04
310	S247	146.81	0.04
311	S246+1	146.8	0.04
312	S246	146.79	0.04
313	S245	146.78	0.04
314	S244	146.77	0.04
315	S243	146.76	0.04
316	S242	146.75	0.04
317	S241	146.74	0.04
318	S240	146.73	0.04
319	S239+1	146.72	0.04
320	S239	146.71	0.04
321	S238	146.7	0.04
322	S237+1	146.69	0.04
323	S237	146.68	0.04
324	S236	146.67	0.04
325	S235	146.66	0.04
326	S234	146.65	0.04
327	S233	146.64	0.04
328	S232	146.63	0.04
329	S231	146.62	0.04
330	S230	146.61	0.04
331	S229	146.6	0.04
332	S228	146.59	0.04
333	S227	146.58	0.04
334	S226+1	146.57	0.04
335	S226	146.56	0.04
336	S225	146.55	0.04
337	S224	146.54	0.04
338	S223	146.53	0.04
339	S222	146.52	0.04
340	S221	146.51	0.04
341	S220	146.5	0.04
342	S219	146.49	0.04
343	S218	146.48	0.04
344	S217	146.47	0.04
345	S216	146.46	0.04
346	S215	146.45	0.04
347	S214	146.44	0.04
348	S213	146.43	0.04
349	S212	146.42	0.045
350	S211	146.41	0.045
351	S210	146.4	0.045
352	S209	146.39	0.045
353	S208	146.38	0.045
354	S207	146.37	0.045
355	S206	146.36	0.045
356	S202	146.35	0.045
357	S201	146.34	0.045
358	S200	146.33	0.045
359	S199	146.32	0.045
360	S198	146.31	0.045
361	S197	146.3	0.045
362	S196	146.29	0.045
363	S195	146.28	0.045
364	S194	146.27	0.045
365	S193	146.26	0.045
366	S192	146.25	0.045
367	S191	146.24	0.045
368	S190	146.23	0.045
369	S189	146.22	0.045
370	S188	146.21	0.045
371	S187	146.2	0.045
372	S186	146.19	0.045
373	S185	146.18	0.045
374	S184	146.17	0.045
375	S183+1	146.16	0.045
376	S183	146.15	0.045
377	S182	146.14	0.045
378	S181	146.13	0.045
379	S180	146.12	0.045
380	S179	146.11	0.045
381	S178	146.1	0.045
382	S177	146.09	0.045
383	S176	146.08	0.045
384	S175	146.07	0.045
385	S174	146.06	0.045
386	S173	146.05	0.045
387	S172	146.04	0.045
388	S171	146.03	0.045
389	S170	146.02	0.045
390	S169	146.01	0.045
391	S168	146	0.045
392	S167	145.99	0.045
393	S166	145.98	0.045
394	S165	145.97	0.045
395	S164	145.96	0.045
396	S163	145.95	0.045
397	S162	145.94	0.045
398	S161	145.93	0.045
399	S160	145.92	0.045
400	S159	145.91	0.045
401	S158	145.9	0.045
402	S157	145.89	0.045
403	S156	145.88	0.045
404	S155	145.87	0.045
405	S154	145.86	0.045
406	S153	145.85	0.045
407	S152	145.84	0.045
408	S151	145.83	0.045
409	S150	145.82	0.045
410	S149	145.81	0.045
411	S148	145.8	0.045
412	S147	145.79	0.045
413	S146	145.78	0.045
414	S145+1	145.77	0.045
415	S145	145.76	0.045
416	S144	145.75	0.045
417	S143	145.74	0.045
418	S142	145.73	0.045
419	S141	145.72	0.045
420	S140	145.71	0.045
421	S139	145.7	0.045
422	S138	145.69	0.045
423	S137	145.68	0.045
424	S136	145.67	0.045
425	S135+1	145.66	0.045
426	S135	145.65	0.045
427	S134	145.64	0.045
428	S133	145.63	0.045
429	S132	145.62	0.045
430	S131	145.61	0.045
431	S130	145.6	0.045
432	S129+1	145.59	0.045
433	S129	145.58	0.045
434	S128	145.57	0.045
435	S127	145.56	0.045
436	S126	145.55	0.045
437	S125	145.54	0.045
438	S124	145.53	0.045
439	S123	145.52	0.045
440	S122	145.51	0.045
441	S121	145.5	0.045
442	S120	145.49	0.045
443	S119	145.48	0.045
444	S118	145.47	0.045
445	S117	145.46	0.045
446	S116	145.45	0.045
447	S115	145.44	0.045
448	S114	145.43	0.045
449	S113	145.42	0.075
450	S112	145.41	0.075
451	S111	145.4	0.075
452	S110	145.39	0.075
453	S109	145.38	0.075
454	S108	145.37	0.075
455	S107	145.36	0.075
456	S106	145.35	0.075
457	S105-1	145.34	0.075
458	S104	145.33	0.075
459	S103	145.32	0.075
460	S102-1	145.31	0.075
461	S101	145.3	0.075
462	S100-1	145.29	0.075
463	S99-1	145.28	0.075
464	S98	145.27	0.075
465	S97-1	145.26	0.075
466	S96	145.25	0.075
467	S95-1	145.24	0.075
468	S94	145.23	0.075
469	S93	145.22	0.075
470	S92-1	145.21	0.075
471	S91-1	145.2	0.075
472	S90-1	145.19	0.075
473	S89	145.18	0.075
474	S88	145.17	0.075
475	S87	145.16	0.075
476	S86	145.15	0.075
477	S85	145.14	0.075
478	S84	145.13	0.075
479	S83	145.12	0.075
480	S82	145.11	0.075
481	S81	145.1	0.075
482	S80	145.09	0.075
483	S79	145.08	0.075
484	S78	145.07	0.075
485	S77-1	145.06	0.075
486	S76-1	145.05	0.075
487	S75	145.04	0.075
488	S74	145.03	0.075
489	S73-1	145.02	0.075
490	S72	145.01	0.075
491	S71-1	145	0.075
492	S70	145	0.075
493	S69	145	0.075
494	S68	145	0.075
495	S67	145	0.075
496	S66-1	145	0.075
497	S65	145	0.075
498	S64	145	0.075
499	S63	145	0.075
500	S62-1	145	0.075
501	S61	145	0.075
502	S60-1	145	0.075
503	S59-1	145	0.075
504	S58-1	145	0.075
505	S57-1	145	0.075
506	S56-1	145	0.075
507	S55	145	0.075
508	S54	145	0.075
509	S53	145	0.075
510	S52	145	0.075
511	S51-1	145	0.075
512	S50-1	145	0.075
513	S49	145	0.075
514	S48	145	0.075
515	S47	145	0.075
516	S46	145	0.075
517	S45	145	0.075
518	S44-1	145	0.075
519	S43	145	0.075
520	S42-1	145	0.075
521	S41	145	0.075
522	S40-1	145	0.075
523	S39-2	145	0.075
524	S38	145	0.075
525	S37	145	0.075
526	S36	145	0.075
527	S35	145	0.075
528	S34+1	145	0.075
529	S34	145	0.075
530	S33+1	145	0.075
531	S33	145	0.075
532	S32+1	145	0.075
533	S32	145	0.075
534	S31+1	145	0.075
535	S31	145	0.075
536	S30+3	145	0.075
537	S30+2	145	0.075
538	S30+1	145	0.075
